index,0,1,2
26457,0.3558063971936125,0.2668641902759974,0.3773294125303901
26458,0.10176505110682345,0.13260257662303593,0.7656323722701406
26459,0.035148312625395806,0.04432687976506561,0.9205248076095388
26460,0.11107115531928612,0.15849648031934088,0.7304323643613732
26461,0.08224123164022436,0.17003072921440177,0.7477280391453739
26462,0.07667372674380978,0.42228635096421985,0.5010399222919704
26463,0.09427407131677872,0.9046008539239633,0.0011250747592579256
26464,0.15502668102279157,0.11475378397305419,0.730219535004154
26465,0.050643565714397425,0.07809266096390713,0.8712637733216956
26466,0.0595655738745271,0.22860359585997617,0.7118308302654968
26467,0.19644012330965974,0.08692654301430593,0.7166333336760342
26468,0.08809017804583599,0.15082368606000898,0.7610861358941551
26469,0.17867125623009447,0.14105858059670695,0.6802701631731987
26470,0.1124665056627539,0.07672037466877442,0.8108131196684716
26471,0.016927566277545082,0.05010453536648907,0.9329678983559658
26472,0.031814476724338424,0.10058826419749624,0.8675972590781654
26473,0.02524489380255708,0.15904004753054338,0.8157150586668994
26474,0.12200859188457769,0.8769884713581565,0.0010029367572658096
26475,0.05484025668742533,0.10303305767650695,0.8421266856360676
26476,0.0415139199551121,0.166137423885218,0.79234865615967
26477,0.15646229016954294,0.18006762111569388,0.6634700887147632
26478,0.11087639858985658,0.0943113407736142,0.7948122606365292
26479,0.040068747796122475,0.11192166816901918,0.8480095840348583
26480,0.09047937888148361,0.07087039820298659,0.8386502229155298
26481,0.09105700239211281,0.23827294415059289,0.6706700534572942
26482,0.18491077765201802,0.07738958888408344,0.7376996334638986
26483,0.04087682827759767,0.23077784996154388,0.7283453217608584
26484,0.1307152676585234,0.1750001688759682,0.6942845634655085
26485,0.08124509300191715,0.07664259263246746,0.8421123143656153
26486,0.17781765768547428,0.3284377496298051,0.49374459268472054
26487,0.07321036062199726,0.15213147963184467,0.7746581597461579
26488,0.22951152130877414,0.7677405538430628,0.002747924848163029
26489,0.0873936519927511,0.5914111935170586,0.32119515449019037
26490,0.08304286838590391,0.09328378287392594,0.8236733487401702
26491,0.07757054047588859,0.1198295018303251,0.8025999576937863
26492,0.06788369644689755,0.22629963344888526,0.7058166701042172
26493,0.1520576013275953,0.8472615251034741,0.0006808735689306519
26494,0.12232735019287452,0.09188045262120553,0.78579219718592
26495,0.07409131405425172,0.08891639496645766,0.8369922909792905
26496,0.21453048870464697,0.31464487899694216,0.470824632298411
26497,0.08671285689839296,0.6243277629585606,0.2889593801430464
26498,0.17276178551932478,0.34458043131850224,0.482657783162173
26499,0.15921526846745837,0.06285126075914908,0.7779334707733924
26500,0.07626807137862131,0.2381149293854903,0.6856169992358885
26501,0.15004106299502745,0.13761762330176677,0.7123413137032057
26502,0.052804741735366485,0.12402253554357559,0.8231727227210578
26503,0.11542130672472001,0.27545092348589756,0.6091277697893825
26504,0.15887927707262037,0.15188159361385895,0.6892391293135208
26505,0.045681603862426215,0.06055720453139041,0.8937611916061834
26506,0.021744285228856318,0.9696948970999639,0.008560817671179865
26507,0.2910202154916123,0.7035319184403281,0.005447866068059521
26508,0.06204793202755463,0.22389216844156953,0.7140598995308758
26509,0.04532198979253374,0.0983088650992279,0.8563691451082385
26510,0.03810967816931419,0.18597239503641752,0.7759179267942682
26511,0.11396013539675096,0.1633322474068051,0.7227076171964439
26512,0.1656594019261589,0.08953345210975105,0.7448071459640901
26513,0.10657355129772654,0.20394997625245978,0.6894764724498137
26514,0.04953693277118185,0.08224560008909515,0.868217467139723
26515,0.27242212427978924,0.18178571117866626,0.5457921645415444
26516,0.09210162461917079,0.6301564598440017,0.27774191553682737
26517,0.1652028608679701,0.8341929070973727,0.0006042320346570968
26518,0.05522738480116833,0.11690961549706008,0.8278629997017715
26519,0.3717057801428218,0.12562957091689483,0.5026646489402834
26520,0.028678115717993835,0.4343886359171399,0.5369332483648662
26521,0.11663751183647458,0.13372268099036966,0.7496398071731558
26522,0.074231716531804,0.25778787186617996,0.667980411602016
26523,0.07841515137226732,0.139404473558094,0.7821803750696388
26524,0.042797330329869904,0.19605331598818712,0.761149353681943
26525,0.05315646903033086,0.09947199143215177,0.8473715395375174
26526,0.04266484386683993,0.11013544258873065,0.8471997135444296
26527,0.07447608582359885,0.19760762364031498,0.7279162905360861
26528,0.14639084748730766,0.8516435128827625,0.0019656396299298504
26529,0.06002335898198069,0.03732158357099481,0.9026550574470246
26530,0.06831276116942611,0.1297367865368276,0.8019504522937463
26531,0.10097329500690652,0.11673379510960692,0.7822929098834865
26532,0.04359184586456138,0.12823145541340403,0.8281766987220346
26533,0.04901590746424248,0.0984075009642714,0.8525765915714861
26534,0.12312081139319232,0.07351302202519461,0.803366166581613
26535,0.05956654575159833,0.1333522107673953,0.8070812434810065
26536,0.10138712212608018,0.1372112870376557,0.7614015908362641
26537,0.07726142741394054,0.07623640426818395,0.8465021683178755
26538,0.0348233645187586,0.24075993917390232,0.7244166963073391
26539,0.032344941263983094,0.1811102601820265,0.7865447985539904
26540,0.13687280788718445,0.048962722693561354,0.8141644694192542
26541,0.013237898280339552,0.07617797920461256,0.9105841225150481
26542,0.1261267574495785,0.14239935332420528,0.7314738892262163
26543,0.14482129290548304,0.11583809885894326,0.7393406082355738
26544,0.12023027708488683,0.1433172058795363,0.7364525170355769
26545,0.15284277716566835,0.29587180889259207,0.5512854139417396
26546,0.06271500335567354,0.20631552394777455,0.7309694726965519
26547,0.07228496728541908,0.17616599128101576,0.7515490414335654
26548,0.08301872664274913,0.13822845073195475,0.778752822625296
26549,0.14389463416058643,0.8557269314799736,0.00037843435943989216
26550,0.04951265334746739,0.22387176113751875,0.7266155855150139
26551,0.02790207599610627,0.24148793441335276,0.7306099895905409
26552,0.05950145496783129,0.11303982978616868,0.827458715246
26553,0.06252840769977656,0.15248101890248658,0.7849905733977368
26554,0.16832099155239647,0.32996028897497665,0.5017187194726268
26555,0.08968432831162765,0.17703394156151858,0.7332817301268537
26556,0.05110508191331546,0.2554417522619161,0.6934531658247685
26557,0.1062625722242456,0.13486152005161425,0.75887590772414
26558,0.25674629773045365,0.13361351489406598,0.6096401873754803
26559,0.20117762915549162,0.13783201592772168,0.6609903549167869
26560,0.12518160754526456,0.1690130860728891,0.7058053063818464
26561,0.06811565575263866,0.263980202748305,0.6679041414990563
26562,0.0664344578759854,0.09338835601789792,0.8401771861061168
26563,0.10249854972799771,0.14287563517256183,0.7546258150994406
26564,0.05592860112608455,0.14943967721407772,0.7946317216598378
26565,0.04979494229777228,0.16189181934271804,0.7883132383595097
26566,0.08791714408135616,0.08034990262716868,0.8317329532914752
26567,0.15236082831694714,0.0658192736467505,0.7818198980363025
26568,0.5047074629242356,0.4933613125684057,0.0019312245073587096
26569,0.07383468489239425,0.3229475202795932,0.6032177948280124
26570,0.08469757676917941,0.12135871060003026,0.7939437126307902
26571,0.07984840041341489,0.08274433228491966,0.8374072673016655
26572,0.1677571831203582,0.24131965000705694,0.590923166872585
26573,0.11498485279846436,0.10441579019492755,0.7805993570066081
26574,0.21170918649626236,0.10118521405578365,0.687105599447954
26575,0.05972349904697018,0.137151744455834,0.803124756497196
26576,0.07723078840859351,0.07552601014630773,0.8472432014450988
26577,0.13930595762214296,0.1293647473499461,0.7313292950279109
26578,0.16095326794766113,0.42305091744968504,0.41599581460265384
26579,0.09615574211814225,0.9031677225281965,0.0006765353536611954
26580,0.08261046662877264,0.09076984235795421,0.8266196910132733
26581,0.11415561415215508,0.19521679196025876,0.6906275938875862
26582,0.06035797339007611,0.15629123940364084,0.7833507872062829
26583,0.04517667747413847,0.11962214322997258,0.8352011792958889
26584,0.047476337831948406,0.02435199938117503,0.9281716627868766
26585,0.18776602164265843,0.1990153707147477,0.6132186076425938
26586,0.33400506770913974,0.17479286404543262,0.49120206824542767
26587,0.11830063831803175,0.35672876451769364,0.5249705971642747
26588,0.03185622702021944,0.10399784091947158,0.8641459320603091
26589,0.01671963411588477,0.04054231207714789,0.9427380538069674
26590,0.08340101281660343,0.27961603460417034,0.6369829525792263
26591,0.0939488328659511,0.9056270576906146,0.0004241094434341315
26592,0.21056930665841586,0.09766897097272913,0.691761722368855
26593,0.2000475777537142,0.1771697781717804,0.6227826440745052
26594,0.17366594137319766,0.13287035502291114,0.6934637036038911
26595,0.05378202898304453,0.12402725140283205,0.8221907196141235
26596,0.07165613186974144,0.14762875738985146,0.7807151107404071
26597,0.13333310882304594,0.3932137529969076,0.47345313818004653
26598,0.029090054505293957,0.14139983768702138,0.8295101078076846
26599,0.1025239192711588,0.12607223484599397,0.771403845882847
26600,0.06817615363035352,0.18787348739967213,0.7439503589699743
26601,0.10774222758487584,0.17633870949652838,0.715919062918596
26602,0.09513527352799268,0.20329058974134961,0.7015741367306576
26603,0.04281238418584614,0.1228161270492867,0.8343714887648671
26604,0.12341969802442418,0.043582065704578066,0.8329982362709977
26605,0.2308436639918739,0.11628304933524708,0.652873286672879
26606,0.2043944635007322,0.21437421076545937,0.5812313257338084
26607,0.21944885378181198,0.7765410098723217,0.00401013634586626
26608,0.008632358932111858,0.03067628084137974,0.9606913602265084
26609,0.12648266862978064,0.10876097170816615,0.7647563596620534
26610,0.4411036586113445,0.5493893989816594,0.009506942406996087
26611,0.19358675465154246,0.2758312827506426,0.5305819625978149
26612,0.14286591175052696,0.3034479236497457,0.5536861645997274
26613,0.1254083262233654,0.18185666276731932,0.6927350110093153
26614,0.09345422437748639,0.1567225134005873,0.7498232622219263
26615,0.08295340211352457,0.10704875989956157,0.8099978379869138
26616,0.12099382616283359,0.12164975180084833,0.757356422036318
26617,0.10113758303336266,0.1547309031982914,0.744131513768346
26618,0.1411385679853207,0.0806519010939573,0.7782095309207222
26619,0.13548439722067332,0.1823820096207554,0.6821335931585712
26620,0.24414055258087564,0.7541558198331952,0.0017036275859289682
26621,0.08947333062517038,0.10958414075718574,0.8009425286176438
26622,0.12258743766558573,0.24612089129597386,0.6312916710384404
26623,0.06368726461337827,0.16956522051748793,0.7667475148691337
26624,0.09443880322764077,0.10332279222817105,0.8022384045441882
26625,0.03087336706546091,0.15082142458544315,0.8183052083490959
26626,0.10927367258553174,0.09229399110975822,0.7984323363047102
26627,0.10347930748472288,0.1551870578563401,0.7413336346589371
26628,0.05118719769192604,0.16922754635727655,0.7795852559507975
26629,0.08906050455415646,0.1515959509880628,0.7593435444577806
26630,0.3446654168210968,0.19331463544529393,0.46201994773360927
26631,0.10402595868007788,0.2921365577604319,0.6038374835594902
26632,0.18534668389112124,0.12114732736574564,0.6935059887431331
26633,0.07037747630014586,0.05104196630440909,0.8785805573954452
26634,0.06708437053564985,0.10275692329312307,0.8301587061712271
26635,0.0659092883796251,0.2574087340979446,0.6766819775224303
26636,0.09722546595679725,0.25541727361963035,0.6473572604235723
26637,0.11784886304680457,0.2163516363773672,0.6657995005758283
26638,0.11632281413790103,0.36172074546299887,0.5219564403991003
26639,0.39679767721623627,0.13941880818252728,0.46378351460123635
26640,0.06191961594811459,0.12305474940862074,0.8150256346432647
26641,0.12484185035205603,0.2920757556995507,0.5830823939483932
26642,0.06930175825260329,0.09064307344318732,0.8400551683042092
26643,0.13874053598839245,0.09094229818039902,0.7703171658312086
26644,0.2226491580658067,0.20123430676393314,0.5761165351702602
26645,0.12374621579427136,0.15291109424719093,0.7233426899585377
26646,0.25006896192862427,0.13868622984681658,0.6112448082245592
26647,0.10271825387336384,0.119494226807497,0.7777875193191391
26648,0.10683573372033946,0.1729488620736,0.7202154042060606
26649,0.08304583169277899,0.13205401544292253,0.7849001528642986
26650,0.2545459974395046,0.7420590921946463,0.003394910365849075
26651,0.15538919176405103,0.844038480023484,0.0005723282124648086
26652,0.2747215614806374,0.1968145659867826,0.52846387253258
26653,0.3122863555617062,0.16581546834352595,0.5218981760947679
26654,0.12534820748755965,0.10532698131152048,0.7693248112009199
26655,0.14233284670207408,0.37265162269475927,0.48501553060316666
26656,0.09634672321513398,0.16184889202950897,0.7418043847553573
26657,0.09643648714485183,0.07134305826294525,0.832220454592203
26658,0.09868049923439175,0.15413301402741025,0.747186486738198
26659,0.11015039330082689,0.17657036815341529,0.7132792385457579
26660,0.14160308031337152,0.27394477089353203,0.5844521487930965
26661,0.12992848991531114,0.1779270390897772,0.6921444709949115
26662,0.036772826057180366,0.33762354033724395,0.6256036336055756
26663,0.08945115726004073,0.04580818303685672,0.8647406597031027
26664,0.11805834353924642,0.1714941296072334,0.7104475268535202
26665,0.16086978947537664,0.16675725711458678,0.6723729534100366
26666,0.09913720665888583,0.051253480118888355,0.8496093132222257
26667,0.03900583803008651,0.052661934056903816,0.9083322279130097
26668,0.1256046681551979,0.3538417867676486,0.5205535450771535
26669,0.03155409861491675,0.39021987779328743,0.5782260235917959
26670,0.09782513942740209,0.23846829531614516,0.6637065652564527
26671,0.1302599819354629,0.11089719660719276,0.7588428214573443
26672,0.060060656798368764,0.15568243932830922,0.7842569038733221
26673,0.10751616340321703,0.1886546247256503,0.7038292118711327
26674,0.31971830837985754,0.10985361342970257,0.57042807819044
26675,0.15231053393088842,0.1976251461454985,0.650064319923613
26676,0.08265754926813887,0.0973453192221287,0.8199971315097324
26677,0.025378617163288035,0.1043089369158232,0.8703124459208889
26678,0.16155690890952062,0.23059442576825073,0.6078486653222286
26679,0.1598279592654793,0.09953573407098662,0.7406363066635341
26680,0.052292350177975636,0.19651479844506556,0.751192851376959
26681,0.04188453786279471,0.22920960479774483,0.7289058573394603
26682,0.22613297316805445,0.16915143798555918,0.6047155888463864
26683,0.05255689847472218,0.2950462144728992,0.6523968870523786
26684,0.03361056077459369,0.14947722038934477,0.8169122188360616
26685,0.14140813395651847,0.25148710836803956,0.6071047576754419
26686,0.13118606441756156,0.17277226152284034,0.6960416740595983
26687,0.1973148914027933,0.26216283832065396,0.5405222702765528
26688,0.11523970057685552,0.5361359000186031,0.34862439940454126
26689,0.04406228199176939,0.14168754137147252,0.814250176636758
26690,0.054098747982545874,0.1910517065192225,0.7548495454982315
26691,0.0728547362170519,0.26179973125753925,0.6653455325254088
26692,0.05136969095776659,0.29771476418306986,0.6509155448591637
26693,0.1077211406088306,0.33576890787690755,0.5565099515142619
26694,0.5334564558000507,0.4660034231838267,0.000540121016122452
26695,0.11190506900713497,0.09475304476107464,0.7933418862317905
26696,0.027957421382788773,0.20492032399108442,0.7671222546261269
26697,0.06053452859846548,0.08542846781415782,0.8540370035873766
26698,0.08687141204562912,0.3922665726176384,0.5208620153367323
26699,0.044097845525696545,0.11616210782821997,0.8397400466460836
26700,0.08951344107897899,0.2132930848460546,0.6971934740749665
26701,0.1598185202313822,0.4464808518082119,0.39370062796040584
26702,0.03661232101105771,0.13369578207114213,0.8296918969178002
26703,0.0537513983077974,0.1586195368036516,0.787629064888551
26704,0.0799097737397272,0.12226707313585,0.7978231531244229
26705,0.09672543221148888,0.14243390912691453,0.7608406586615966
26706,0.08099396975195822,0.14665503417668904,0.7723509960713527
26707,0.28430019451936916,0.13200731123649231,0.5836924942441385
26708,0.1363257175829182,0.11462921723846069,0.7490450651786211
26709,0.07938900014998294,0.10822834434565802,0.8123826555043591
26710,0.17470602942295596,0.14899686826416175,0.6762971023128824
26711,0.11992527695147827,0.1274216232098502,0.7526530998386715
26712,0.06750596806312627,0.10480718713877504,0.8276868447980985
26713,0.10802258650052007,0.1859290870810577,0.7060483264184221
26714,0.030756151834358446,0.23192685616308137,0.7373169920025602
26715,0.09626302729470022,0.22054022859548267,0.6831967441098171
26716,0.11150422684675546,0.3048657281024348,0.5836300450508096
26717,0.049426632845489475,0.21426053592997732,0.7363128312245333
26718,0.0752433514788068,0.23671270339466227,0.6880439451265311
26719,0.07367468908684922,0.2621532497622193,0.6641720611509314
26720,0.036644914803933365,0.200116075977229,0.7632390092188376
26721,0.0690700228225655,0.21358173641802983,0.7173482407594046
26722,0.14466103611576464,0.09872510512464194,0.7566138587595935
26723,0.12574329727533676,0.13770765914665234,0.7365490435780109
26724,0.1217371855147132,0.2253417961161381,0.6529210183691487
26725,0.04307868746395762,0.3674369715411773,0.589484340994865
26726,0.17949912702278334,0.3521954936479589,0.46830537932925786
26727,0.09111909724866897,0.14804392368239805,0.7608369790689329
26728,0.1261107896033543,0.09707248196260283,0.7768167284340429
26729,0.12842294814732336,0.23765444806942287,0.6339226037832538
26730,0.12744386687570308,0.3403303445087742,0.5322257886155227
26731,0.05776995482731926,0.09503052359428153,0.8471995215783992
26732,0.10477089197466384,0.8948123984837623,0.00041670954157403987
26733,0.10031498571545067,0.06286169131789125,0.8368233229666583
26734,0.3115780011493134,0.24527919868685735,0.44314280016382934
26735,0.04159570333977539,0.1898754169940983,0.7685288796661262
26736,0.07135776070882699,0.10224801019014232,0.8263942291010306
26737,0.08042039327027052,0.20970926469032636,0.7098703420394031
26738,0.09583048068582549,0.08679054252668718,0.8173789767874874
26739,0.23229013196858525,0.2001760078092079,0.5675338602222068
26740,0.07330000913278165,0.12448277842238643,0.802217212444832
26741,0.13266110369459397,0.8669235861547587,0.0004153101506474329
26742,0.03120861955103789,0.12454158375342604,0.8442497966955359
26743,0.05502010922608019,0.06796353279271337,0.8770163579812065
26744,0.12157477609849739,0.27948857439410785,0.5989366495073949
26745,0.17858706431179525,0.1694632912257093,0.6519496444624954
26746,0.1978253108785239,0.159192120773426,0.6429825683480501
26747,0.08921589919634068,0.5196134169417544,0.3911706838619048
26748,0.22737892241634916,0.28527898966388254,0.48734208791976824
26749,0.09093372879774173,0.17520709372125007,0.7338591774810083
26750,0.12846154118341097,0.06561449803741597,0.8059239607791732
26751,0.07597393557824542,0.1730282052180321,0.7509978592037224
26752,0.08215692794374779,0.38890193264440337,0.5289411394118488
26753,0.23978795529878688,0.11314974119759863,0.6470623035036145
26754,0.15998692881078436,0.10014729884684388,0.7398657723423717
26755,0.07604627974944884,0.10743570922645154,0.8165180110240997
26756,0.14998357768096401,0.12763101387613116,0.7223854084429049
26757,0.08737638868632634,0.0950935145354442,0.8175300967782295
26758,0.04729604009724959,0.19357294042538709,0.7591310194773634
26759,0.05686997909891004,0.14085347442421567,0.8022765464768742
26760,0.11927796954176607,0.2954817087038242,0.5852403217544098
26761,0.09492051929763332,0.18511622042620074,0.7199632602761659
26762,0.08418457570688896,0.1957263503772398,0.7200890739158713
26763,0.03360105832898708,0.16552206422066537,0.8008768774503474
26764,0.13077815154214548,0.1732492033033581,0.6959726451544965
26765,0.1182025694752304,0.07427314979725322,0.8075242807275165
26766,0.06530430200358141,0.27030674256083026,0.6643889554355883
26767,0.08640243140954336,0.13828547368818475,0.7753120949022718
26768,0.09147902359113597,0.9080572061625597,0.0004637702463042709
26769,0.07626347082581998,0.28163469248357725,0.6421018366906028
26770,0.4295766817030576,0.18975490064114162,0.38066841765580084
26771,0.16985489688938124,0.8291672803974158,0.000977822713202808
26772,0.3673983874124528,0.13493883034270865,0.4976627822448385
26773,0.06479025490636767,0.09748469485588006,0.8377250502377523
26774,0.055891821301196035,0.1050878962324816,0.8390202824663222
26775,0.09610088902999948,0.22514627797088455,0.6787528329991159
26776,0.0702521769974224,0.09729391612426329,0.8324539068783143
26777,0.06863668302887163,0.4209775844714892,0.5103857324996393
26778,0.07682633552211225,0.11772691624069209,0.8054467482371958
26779,0.09298392973931865,0.1041752989365657,0.8028407713241157
26780,0.11239442380777309,0.20231408780814572,0.6852914883840812
26781,0.07145301014930577,0.10311084348133667,0.8254361463693575
26782,0.07142859535169668,0.10295691460595162,0.8256144900423517
26783,0.1571555754797556,0.16932913567800384,0.6735152888422405
26784,0.0634922939592929,0.3841669780237073,0.5523407280169997
26785,0.08949597902008165,0.250456144391881,0.6600478765880374
26786,0.29404020115071205,0.13651233521793155,0.5694474636313563
26787,0.08402268193631049,0.11931039770596609,0.7966669203577234
26788,0.2346554587664405,0.23020234272330548,0.5351421985102539
26789,0.03724195462595248,0.1403496067793459,0.8224084385947017
26790,0.05479537719484562,0.12638321349656198,0.8188214093085925
26791,0.07062429515252246,0.09742059542380135,0.8319551094236762
26792,0.12279542749042867,0.10743558143029298,0.7697689910792783
26793,0.05387689666080432,0.1679872138185863,0.7781358895206094
26794,0.11868735241805783,0.10257014478871375,0.7787425027932285
26795,0.16237063680133496,0.20762547614665328,0.6300038870520118
26796,0.10352919113890645,0.8960480245642056,0.00042278429688795486
26797,0.14404791651969204,0.1621449241331161,0.6938071593471918
26798,0.1264027954861028,0.16392989260749677,0.7096673119064005
26799,0.016820892893845356,0.05361292668310575,0.9295661804230487
26800,0.07542825746853424,0.9205148687536348,0.004056873777831014
26801,0.12154913774441568,0.3553547886432317,0.5230960736123528
26802,0.11421067990567749,0.18623825116046325,0.6995510689338592
26803,0.04136377739466527,0.21319147010735157,0.7454447524979831
26804,0.03734990461234093,0.2717574909239506,0.6908926044637085
26805,0.017047158368691126,0.10813431267368916,0.8748185289576197
26806,0.10613413984482224,0.09320426462542002,0.8006615955297578
26807,0.1067834138477727,0.2102881857231135,0.6829284004291138
26808,0.04644526539189609,0.21024504639640723,0.7433096882116966
26809,0.09788150768711242,0.15624319602960152,0.7458752962832861
26810,0.02015535510801126,0.4037082377070135,0.5761364071849754
26811,0.04930184703625771,0.09213382092680994,0.8585643320369324
26812,0.05402365829753258,0.039087098051776306,0.9068892436506911
26813,0.06761661396806523,0.5409281418242212,0.3914552442077136
26814,0.0722820416308686,0.1154367884542629,0.8122811699148684
26815,0.08326813751303976,0.1431901842444725,0.7735416782424879
26816,0.07401306430983869,0.32965039444982475,0.5963365412403366
26817,0.1405008581408851,0.06572574579065155,0.7937733960684633
26818,0.08964554452716296,0.15309319357712126,0.7572612618957157
26819,0.07551642896506017,0.31848321569341886,0.606000355341521
26820,0.2193288936886687,0.7795600087461811,0.0011110975651502102
26821,0.09555585724863608,0.9024673508041774,0.001976791947186464
26822,0.09233801007971579,0.1874766246421682,0.720185365278116
26823,0.041961607556707796,0.05075722789401212,0.9072811645492799
26824,0.12180449112845429,0.2767103855113703,0.6014851233601755
26825,0.10732827129044409,0.1068202506164737,0.7858514780930823
26826,0.1719761128008902,0.06130813774554903,0.7667157494535608
26827,0.042548903815395465,0.13023508528351577,0.8272160109010886
26828,0.0760361819260606,0.2562553905282308,0.6677084275457086
26829,0.04556049503064524,0.05715393087986917,0.8972855740894857
26830,0.14303271276891633,0.19010580331478896,0.6668614839162947
26831,0.08359724155537776,0.13084652687589343,0.7855562315687288
26832,0.018232296496539003,0.060936491275261614,0.9208312122281993
26833,0.1274794840821137,0.16608964043047567,0.7064308754874106
26834,0.04430137790973169,0.23157818509644118,0.7241204369938272
26835,0.5228208345669212,0.12950312113939091,0.3476760442936879
26836,0.12719142613081175,0.473357177399021,0.39945139647016736
26837,0.13612181819060137,0.09379351358773808,0.7700846682216606
26838,0.11630851793099416,0.2580501636293174,0.6256413184396884
26839,0.4026759553664695,0.10134427619647844,0.495979768437052
26840,0.07323178950833485,0.11439912614395319,0.8123690843477122
26841,0.03928936687610582,0.11587856605020935,0.8448320670736847
26842,0.0414105514527497,0.14825671925476647,0.8103327292924839
26843,0.08227222999512869,0.14922561332206088,0.7685021566828102
26844,0.22846218391781456,0.18649436811747805,0.5850434479647075
26845,0.3967300632591216,0.10498047498951288,0.4982894617513655
26846,0.11732744176632946,0.13791231245943789,0.7447602457742326
26847,0.046038814661635605,0.39271106102629355,0.5612501243120709
26848,0.21593867324060767,0.12154860450259787,0.6625127222567945
26849,0.164549584323498,0.12314886623581935,0.7123015494406825
26850,0.09686457429483454,0.23503239359057881,0.6681030321145868
26851,0.1063432945370852,0.06231070338195256,0.8313460020809621
26852,0.10241339773168871,0.4765784960488642,0.42100810621944706
26853,0.0981073710452011,0.1354125857707875,0.7664800431840115
26854,0.03606931498629985,0.9636660971837244,0.00026458782997580476
26855,0.057983821678286855,0.5862233210944148,0.35579285722729825
26856,0.16337383294120156,0.21547796846045406,0.6211481985983442
26857,0.08450925132615265,0.1884805197486612,0.7270102289251862
26858,0.09116711802019153,0.26918341837168447,0.639649463608124
26859,0.09704478877517539,0.32791129982468914,0.5750439114001354
26860,0.04777049216298933,0.2852244031591683,0.6670051046778424
26861,0.08748452768570607,0.251954645051097,0.6605608272631971
26862,0.044911628390382013,0.09958604704460293,0.8555023245650152
26863,0.04103332965862155,0.12310661256283702,0.8358600577785416
26864,0.10629392436375724,0.3154706584039761,0.5782354172322667
26865,0.049619160578544555,0.27647492446034383,0.6739059149611117
26866,0.07845495065516057,0.16282400029328695,0.7587210490515525
26867,0.12391305170249463,0.11791331629508084,0.7581736320024246
26868,0.04927632434337863,0.19024060631568435,0.7604830693409371
26869,0.05659740708591883,0.2565526121199052,0.6868499807941761
26870,0.08630564493797267,0.30698468548024105,0.6067096695817862
26871,0.1113614958634217,0.14772116129479787,0.7409173428417805
26872,0.0860656928143382,0.16437059335511398,0.7495637138305477
26873,0.12561221433474984,0.2279296396646954,0.6464581460005547
26874,0.09067739096233948,0.2421330288912377,0.6671895801464228
26875,0.09184835542309354,0.21236250943160706,0.6957891351452993
26876,0.022718792696765213,0.07989885592851535,0.8973823513747193
26877,0.0853880278916052,0.19061962788919287,0.7239923442192018
26878,0.28013083691391377,0.0698893072061145,0.6499798558799718
26879,0.11962228216592606,0.14437515546942004,0.7360025623646538
26880,0.15441025293046276,0.07484344082381579,0.7707463062457214
26881,0.05321090350033577,0.1998260795414516,0.7469630169582127
26882,0.17788652939762417,0.19620232480750976,0.6259111457948661
26883,0.00606770672203264,0.04849024578838652,0.9454420474895808
26884,0.12159428506161539,0.2288326537766164,0.6495730611617683
26885,0.1479105965867033,0.17564961668521775,0.6764397867280789
26886,0.059487066242025176,0.1429021686065722,0.7976107651514025
26887,0.028317675899826332,0.17309013431988146,0.7985921897802923
26888,0.15068253110275773,0.18785065314783025,0.661466815749412
26889,0.06622822694962421,0.14739772066648762,0.7863740523838881
26890,0.1550563974298059,0.319184693193472,0.5257589093767221
26891,0.09693125633880491,0.2423674531094724,0.6607012905517228
26892,0.16422083530437992,0.30164740748021,0.5341317572154101
26893,0.10936985206881825,0.17578660668461427,0.7148435412465675
26894,0.17051638808412017,0.2955310306467889,0.533952581269091
26895,0.14209612023875026,0.19860504561894515,0.6592988341423046
26896,0.017781192515703297,0.13843544065745564,0.8437833668268412
26897,0.10383800017342637,0.19134937735929558,0.7048126224672779
26898,0.07161667947161543,0.17938200025430082,0.7490013202740838
26899,0.10112407203876998,0.1169503498994519,0.781925578061778
26900,0.10218351225882519,0.14073245340147883,0.757084034339696
26901,0.0816019052787542,0.26819964174237065,0.6501984529788752
26902,0.04052734668476089,0.09044512170051112,0.8690275316147279
26903,0.07030706813888252,0.14926829952395504,0.7804246323371624
26904,0.5640501548871257,0.4309005876129926,0.005049257499881697
26905,0.10888343487382832,0.3395270003721145,0.5515895647540571
26906,0.0438275489011611,0.13587783563732428,0.8202946154615145
26907,0.2969303387656673,0.09111395586785231,0.6119557053664804
26908,0.10974638786375884,0.06835603246062523,0.8218975796756158
26909,0.05576907923418741,0.34649279092263974,0.5977381298431729
26910,0.035239083464604984,0.13451757726150285,0.8302433392738922
26911,0.21032124814449887,0.24420437961237937,0.5454743722431219
26912,0.08398754840239582,0.2171256884885927,0.6988867631090115
26913,0.2287808398338654,0.18756623520867224,0.5836529249574623
26914,0.05021577091261161,0.22262766812258367,0.7271565609648046
26915,0.13193180935869736,0.07223104020253361,0.7958371504387691
26916,0.17527302043284979,0.8244439248255341,0.00028305474161607685
26917,0.04603494902965328,0.15646665290902861,0.7974983980613182
26918,0.07231235056314102,0.1095231623435899,0.818164487093269
26919,0.22384138859905633,0.1320055765991788,0.644153034801765
26920,0.08804950433524444,0.25473551375012793,0.6572149819146278
26921,0.10893879613698751,0.356946339069093,0.5341148647939196
26922,0.09726680362706745,0.2162029722331423,0.6865302241397903
26923,0.046033072133451355,0.06710128827287362,0.8868656395936751
26924,0.0933918514987737,0.14105733435871343,0.7655508141425129
26925,0.037034963910647964,0.061859359501094016,0.9011056765882579
26926,0.08503083511377271,0.22439992012346324,0.6905692447627643
26927,0.1878056064941538,0.02621019433129376,0.7859841991745525
26928,0.042479596222331203,0.956821781560537,0.0006986222171316395
26929,0.09547252107065353,0.2750824711430551,0.6294450077862913
26930,0.06096674590049263,0.2563902640041609,0.6826429900953466
26931,0.10392981381779393,0.8954570601587661,0.0006131260234400877
26932,0.12104851165017844,0.1464683807103414,0.7324831076394801
26933,0.5082070582803466,0.0897187079964859,0.4020742337231676
26934,0.05701914735157492,0.07312841698356576,0.8698524356648593
26935,0.0560440787368654,0.11984044936626695,0.8241154718968676
26936,0.030864968882208816,0.10339286180218725,0.8657421693156039
26937,0.14920556154799114,0.1696608591864854,0.6811335792655234
26938,0.4605662195181576,0.5304843869904855,0.008949393491357097
26939,0.2761230278487952,0.7109511066179209,0.012925865533283754
26940,0.2041053508446611,0.10440053074645422,0.6914941184088848
26941,0.07822472899100305,0.20936157557153168,0.7124136954374652
26942,0.15190813758904867,0.3564400281398164,0.49165183427113496
26943,0.11170827828706702,0.36083072052566123,0.5274610011872717
26944,0.13161072071966307,0.1159240718733628,0.7524652074069741
26945,0.15079166992056275,0.3085638305566982,0.540644499522739
26946,0.07483274783249315,0.1315697017572019,0.793597550410305
26947,0.06268899606630603,0.23413264140119078,0.7031783625325032
26948,0.11218252421984062,0.3230643071567491,0.5647531686234104
26949,0.23891823371995538,0.0725556323593384,0.6885261339207062
26950,0.19808873686609002,0.11149623547959664,0.6904150276543134
26951,0.07626728664946578,0.20986570077048772,0.7138670125800465
26952,0.13965459287298743,0.15863982630557757,0.701705580821435
26953,0.0672469447269246,0.1749531719395741,0.7577998833335013
26954,0.04068800051224316,0.09711855273958281,0.862193446748174
26955,0.07106402855733379,0.26535669464714357,0.6635792767955226
26956,0.09226678835197395,0.24082899709249034,0.6669042145555358
26957,0.38300449009304166,0.21623701868943482,0.40075849121752355
26958,0.09744853329204824,0.229206438281489,0.6733450284264629
26959,0.04663821928509767,0.11491727920760816,0.838444501507294
26960,0.13725339899576303,0.23432384852961619,0.6284227524746208
26961,0.07741800077550406,0.1374393753818998,0.7851426238425963
26962,0.04489690842923267,0.6341877487683393,0.32091534280242806
26963,0.1077211406088306,0.33576890787690755,0.5565099515142619
26964,0.05311687117553902,0.16882725035030863,0.7780558784741524
26965,0.035829104171995745,0.30444752359827704,0.6597233722297272
26966,0.017781192515703297,0.13843544065745564,0.8437833668268412
26967,0.08503873926113406,0.11971275311990791,0.795248507618958
26968,0.08637346438552662,0.10014787884388128,0.8134786567705921
26969,0.0625571147768093,0.11917504529380589,0.8182678399293849
26970,0.15381332892830019,0.15978185466659994,0.6864048164050998
26971,0.08353960577326197,0.21704698711779077,0.6994134071089472
26972,0.17134276005010204,0.1388017644621103,0.6898554754877877
26973,0.05946384595623486,0.1162064508266645,0.8243297032171008
26974,0.09149961569333337,0.07201961482366269,0.8364807694830038
26975,0.09552982754828773,0.05559204194531415,0.8488781305063982
26976,0.10116134344278267,0.897029645314201,0.0018090112430162696
26977,0.12882174635960517,0.1548009884554333,0.7163772651849616
26978,0.05803048464541534,0.2241200673003096,0.7178494480542751
26979,0.027467908236933212,0.19976984140969767,0.7727622503533692
26980,0.08765397771803035,0.2030968499719178,0.7092491723100519
26981,0.09282202343725353,0.21896257173973827,0.6882154048230082
26982,0.0718453251518645,0.11055202224183891,0.8176026526062965
26983,0.091518775452248,0.15891436095611683,0.7495668635916349
26984,0.08050838690691346,0.31853595003469237,0.6009556630583942
26985,0.08871488203516853,0.35959645049121,0.5516886674736214
26986,0.09972066070317501,0.09297334068956208,0.8073059986072629
26987,0.05971471202404374,0.10384214582676699,0.8364431421491894
26988,0.11842618070229352,0.26587618942925945,0.6156976298684469
26989,0.058015477130458654,0.11689231901372915,0.8250922038558124
26990,0.1437904462781814,0.12272269403918276,0.7334868596826359
26991,0.0880356862861983,0.15798458833190232,0.7539797253818994
26992,0.09451688638665733,0.3724482221500347,0.533034891463308
26993,0.07713313649949989,0.1452501418143575,0.7776167216861425
26994,0.10958856967003558,0.08066599748448194,0.8097454328454823
26995,0.060014389155936834,0.25483858913404694,0.6851470217100162
26996,0.05008851903515112,0.1755583941311981,0.7743530868336508
26997,0.14958648877348754,0.18085495723645706,0.6695585539900554
26998,0.17971329862441543,0.08384320975446559,0.736443491621119
26999,0.21216749282089273,0.2557799651686483,0.5320525420104589
27000,0.09850606754148251,0.36740265699715574,0.5340912754613617
27001,0.08440896887508047,0.23462382145251875,0.6809672096724009
27002,0.13087294759620138,0.27774435269204195,0.5913826997117566
27003,0.1247434400444975,0.15787679878186073,0.7173797611736418
27004,0.086825746009906,0.2017817888090512,0.7113924651810428
27005,0.08618005199180849,0.33897028236940924,0.5748496656387823
27006,0.10683798514957857,0.1424322596519747,0.7507297551984466
27007,0.06444741702873988,0.39233224889145996,0.5432203340798002
27008,0.06388022035211491,0.16949576912352876,0.7666240105243564
27009,0.08571816979499544,0.17659878024509942,0.7376830499599052
27010,0.028621539478934564,0.15112178042127108,0.8202566800997944
27011,0.1156266724260687,0.23549802490046196,0.6488753026734694
27012,0.02786365112658555,0.07125227503320607,0.9008840738402082
27013,0.11838779644891617,0.13966981092029337,0.7419423926307904
27014,0.11887634232926689,0.09787223133815287,0.7832514263325802
27015,0.09914842125171044,0.24050154648986807,0.6603500322584216
27016,0.08276589664906478,0.1191132466086664,0.7981208567422687
27017,0.057855200399338474,0.21312141117557148,0.7290233884250902
27018,0.08127881568666653,0.18594477501858464,0.7327764092947487
27019,0.06476544422898914,0.07471198216176898,0.8605225736092419
27020,0.06909384190634016,0.22551784140884903,0.7053883166848107
27021,0.08953931452962342,0.19578483333418134,0.714675852136195
27022,0.2995712759205007,0.13205279270978582,0.5683759313697134
27023,0.13643670179786174,0.2792191976691089,0.5843441005330293
27024,0.05846971035284427,0.23998783178205735,0.7015424578650984
27025,0.1588488125425899,0.17800993067161502,0.6631412567857953
27026,0.10082982727938736,0.08161750117026924,0.8175526715503434
27027,0.1340535063302268,0.08986929827658266,0.7760771953931904
27028,0.18418177251097964,0.13366200504180525,0.6821562224472151
27029,0.07895167550605585,0.21240695781911692,0.7086413666748275
27030,0.21650111056131427,0.43442860309386316,0.3490702863448225
27031,0.26182856548190225,0.15893418092957828,0.5792372535885194
27032,0.19580979141204302,0.23351158627005297,0.570678622317904
27033,0.12339896634880736,0.07586172380887442,0.8007393098423182
27034,0.09824357320310362,0.11718106874726526,0.7845753580496311
27035,0.4841292160175265,0.1419756503346106,0.373895133647863
27036,0.09033248600909938,0.1068966479845168,0.8027708660063839
27037,0.1281246903398274,0.17223462400415826,0.6996406856560143
27038,0.06526915401183384,0.162689883476662,0.7720409625115041
27039,0.1258161672403639,0.2836791091678285,0.5905047235918076
27040,0.061181701529837665,0.15936669464102082,0.7794516038291415
27041,0.01309568892058973,0.07548696802829138,0.9114173430511188
27042,0.2519037842252395,0.7470318773008189,0.0010643384739413878
27043,0.11943610595084846,0.21307030342081654,0.6674935906283348
27044,0.022178502632344506,0.11112433041046461,0.8666971669571908
27045,0.05780853997282978,0.08691793779727977,0.8552735222298905
27046,0.047455017508514656,0.08379343151417531,0.8687515509773098
27047,0.0974489870920336,0.6193948305721269,0.2831561823358395
27048,0.33990124733934485,0.6598075308683818,0.00029122179227336327
27049,0.17076050252763275,0.5394166625319466,0.28982283494042055
27050,0.05809526062256675,0.25251193747753686,0.6893928018998964
27051,0.05723108276552467,0.19033092478262767,0.7524379924518475
27052,0.05668877010623235,0.08187143366734054,0.8614397962264271
27053,0.0743876977936718,0.36428602327049014,0.5613262789358381
27054,0.16676614445747442,0.17997524906600182,0.6532586064765238
27055,0.1459280155482072,0.8534164439536605,0.000655540498132367
27056,0.1396324565395999,0.8600287094654602,0.00033883399493991065
27057,0.14428492781127333,0.1276912913296311,0.7280237808590956
27058,0.15772485393763133,0.16334486205775955,0.678930284004609
27059,0.10898486018251043,0.2652695572163926,0.6257455826010968
27060,0.17872867828227162,0.17785362400627297,0.6434176977114554
27061,0.20632579374097262,0.12443877431834285,0.6692354319406845
27062,0.17069862668872826,0.15333378185153648,0.6759675914597352
27063,0.07393412531037577,0.1928769559387308,0.7331889187508934
27064,0.06614757340768367,0.15454521537859373,0.7793072112137226
27065,0.05265557557223697,0.2654618811001089,0.6818825433276541
27066,0.057492894744422804,0.04863781750445571,0.8938692877511214
27067,0.1607517266098601,0.20415166712898997,0.6350966062611498
27068,0.22423901349717545,0.19141748567325642,0.5843435008295681
27069,0.012868667705982401,0.09917136353239417,0.8879599687616234
27070,0.07652696360889026,0.12753666654121248,0.7959363698498971
27071,0.04881268945918775,0.04839780271243432,0.9027895078283779
27072,0.05259935610683539,0.1884174371379222,0.7589832067552426
27073,0.08272010861449502,0.12680526146736448,0.7904746299181407
27074,0.06320642290556984,0.10844092354412437,0.8283526535503059
